Size: 256
Style: stroke-linecap="round" stroke-width="1.6" stroke="#ffffff"
Path: m0,0 h0
1.75,2.50
7.11,1.60
12.62,3.23
18.79,3.60
22.53,2.19
27.15,3.39
33.99,1.06
36.56,0.66
44.95,0.94
46.70,4.46
52.00,3.46
57.08,1.06
64.01,1.13
68.02,1.95
74.14,1.26
77.45,1.81
81.03,3.28
87.60,2.54
91.54,2.59
97.86,3.68
103.91,2.30
109.38,3.13
113.51,3.28
120.01,1.61
123.31,3.36
128.97,3.35
134.23,1.48
138.51,1.87
144.31,2.97
146.71,1.30
153.05,3.39
157.33,2.70
162.41,3.53
168.80,3.30
174.12,2.43
179.16,3.32
183.02,1.36
189.20,1.42
194.79,4.76
196.72,1.75
202.69,3.48
209.00,3.49
213.05,2.00
217.40,1.18
223.27,4.13
228.15,2.48
233.28,0.96
239.69,2.16
243.60,0.97
249.20,0.98
254.41,2.64
4.06,7.80
7.39,7.72
10.95,7.39
18.07,9.46
21.50,7.79
28.98,8.23
33.00,6.17
38.35,9.05
43.34,7.46
48.36,8.85
51.61,8.01
56.68,6.33
61.54,7.13
67.40,5.87
71.94,6.02
79.34,7.64
83.17,6.26
87.34,7.57
91.96,7.53
98.36,7.10
102.32,8.39
109.02,8.62
113.56,8.25
117.71,8.58
124.22,9.20
127.38,8.60
134.41,7.38
137.52,8.27
141.93,8.11
149.50,8.97
151.90,6.92
159.93,6.32
162.93,9.57
169.61,8.19
173.08,6.07
179.47,8.70
181.86,6.79
188.74,8.13
191.45,6.39
199.64,9.14
202.09,8.51
207.35,7.06
213.67,8.60
218.39,7.42
224.32,8.62
228.36,6.58
234.66,6.67
239.71,7.46
242.61,8.02
246.77,7.25
254.97,9.00
0.43,13.91
5.64,14.35
12.32,13.92
18.22,13.44
21.78,13.08
26.83,10.66
34.49,13.15
36.07,10.67
43.78,13.72
46.18,11.40
52.78,14.23
58.01,11.96
64.12,12.99
68.23,10.56
72.11,13.51
77.52,12.40
85.12,14.83
86.15,10.86
93.24,11.49
97.33,10.74
104.09,13.10
109.80,11.07
112.03,14.69
118.21,12.05
122.04,12.21
127.78,14.45
131.94,11.29
138.87,11.94
143.35,14.09
149.54,12.65
152.66,13.72
158.08,12.50
162.05,14.46
167.07,11.87
172.02,12.39
175.90,12.25
182.05,14.35
187.63,11.20
191.94,14.20
199.01,11.74
204.25,14.42
207.26,11.97
212.92,12.34
217.63,13.37
224.32,11.48
228.15,12.15
234.52,12.71
239.69,11.62
242.92,12.95
249.76,10.51
252.83,11.63
1.48,17.38
7.62,17.87
10.33,19.53
16.28,18.07
22.61,17.48
26.50,15.74
31.93,16.43
36.89,18.45
41.47,18.67
46.31,16.53
50.90,19.05
58.43,16.17
62.73,18.67
67.72,18.25
72.20,17.93
76.74,18.43
81.02,16.26
87.30,18.93
92.63,16.22
96.43,17.44
101.58,18.30
106.48,16.05
112.87,18.83
119.49,17.29
121.69,19.54
128.97,19.04
134.30,18.40
138.22,17.19
142.39,17.88
149.53,16.28
151.74,19.48
157.52,17.78
162.74,18.15
169.11,17.56
174.09,18.50
178.49,16.05
183.80,19.10
187.91,15.41
193.77,18.76
197.76,16.43
201.86,18.49
209.34,19.29
211.10,16.76
216.59,17.96
224.32,15.73
229.62,17.65
232.15,18.48
236.81,19.37
241.43,17.17
249.22,16.29
253.60,18.97
3.28,22.41
7.56,24.20
13.34,20.82
16.13,23.04
21.46,22.88
26.62,22.55
33.97,20.74
36.55,24.48
43.36,21.77
48.12,24.33
54.28,20.68
56.90,21.11
63.54,22.62
66.86,21.78
72.65,21.73
78.62,21.87
83.29,22.97
88.37,22.65
94.56,23.37
98.01,20.77
102.51,21.87
109.07,24.23
112.12,21.90
117.62,22.27
124.34,21.56
126.64,20.61
134.33,22.06
137.69,23.98
142.32,21.19
147.45,21.91
154.81,24.34
159.81,22.87
162.87,22.09
168.97,23.50
174.05,22.31
179.44,23.86
183.51,22.75
189.05,21.11
191.65,24.06
200.09,23.42
204.10,23.52
209.04,23.67
214.68,23.78
219.64,21.16
223.74,20.64
227.70,21.46
232.43,24.09
237.26,24.02
242.01,20.56
248.38,22.24
253.26,21.98
2.83,27.42
6.62,28.37
13.03,27.40
18.43,27.76
23.64,28.84
28.31,27.23
32.15,27.54
36.02,28.78
41.69,27.50
48.91,27.53
53.01,27.69
56.40,29.78
60.47,27.43
65.94,26.19
71.74,27.60
78.85,27.94
82.10,26.53
86.54,28.29
90.97,27.54
95.73,29.07
101.03,25.84
107.51,27.09
111.55,29.51
118.88,27.04
122.24,28.46
126.42,28.11
131.80,28.73
138.59,28.58
143.31,26.63
148.65,25.98
151.55,28.13
157.88,27.36
164.28,28.78
168.23,26.32
173.32,27.19
177.95,27.29
184.36,27.27
188.82,28.35
191.98,27.75
196.41,26.10
204.26,28.93
207.11,28.37
214.34,26.48
218.57,27.04
223.09,26.11
228.18,29.12
231.78,27.93
238.85,28.63
244.32,25.09
247.08,29.32
251.76,27.80
4.22,33.47
7.53,31.98
11.26,33.50
15.52,32.92
24.06,33.36
26.57,32.47
31.78,32.82
39.18,31.35
43.25,31.34
46.19,34.83
52.59,32.03
58.92,33.48
63.07,30.71
68.50,32.72
74.23,33.03
77.51,31.77
83.24,31.49
87.27,31.57
92.91,33.31
98.22,33.77
101.89,30.58
107.70,31.45
113.82,33.15
117.03,33.23
122.70,33.90
127.67,31.90
132.02,33.12
138.14,32.02
142.15,32.74
148.78,32.51
153.04,34.09
159.15,32.92
162.32,34.38
168.56,33.39
172.15,32.78
177.25,33.55
181.18,31.54
188.11,33.02
193.91,32.86
198.63,32.63
201.76,31.01
208.08,33.61
211.42,32.11
216.48,31.76
222.44,32.62
229.07,32.16
233.14,31.87
238.93,31.97
243.12,30.57
248.01,34.34
252.97,31.68
1.41,36.29
6.09,39.06
12.92,36.75
17.93,36.07
21.67,37.03
27.44,37.40
34.31,37.11
37.89,38.66
40.89,35.69
47.35,38.91
51.60,38.85
59.22,36.45
62.86,37.57
67.86,36.69
71.61,37.93
76.23,38.49
84.08,38.94
86.86,37.09
92.80,38.27
97.27,37.82
101.71,36.49
106.38,37.89
110.99,36.25
116.47,39.33
124.14,36.65
129.84,36.23
133.07,38.79
137.46,39.28
143.79,35.69
147.61,38.61
151.20,38.62
158.13,37.69
164.48,37.92
167.75,38.40
173.37,39.49
179.55,36.94
184.56,37.61
189.77,36.52
193.57,37.38
199.02,37.07
203.50,37.88
209.02,39.03
215.11,36.99
219.98,36.17
225.26,36.71
230.26,37.55
235.15,37.62
240.27,36.46
243.29,38.63
248.61,39.34
254.19,37.86
2.41,42.78
7.77,42.19
13.09,42.04
17.02,44.55
22.50,41.62
26.13,42.55
31.35,42.32
39.39,43.54
42.69,40.76
47.83,44.33
54.60,44.16
59.28,41.42
61.11,44.07
68.67,42.16
74.09,41.40
78.82,42.25
83.31,42.19
89.57,41.34
94.57,42.86
100.00,43.59
104.15,41.58
109.31,40.96
112.63,43.57
118.06,42.18
121.47,41.59
127.24,42.55
134.77,42.14
139.02,44.36
143.37,43.28
148.33,42.32
154.88,40.56
158.41,43.46
163.17,44.07
168.52,42.47
174.42,44.25
178.03,43.04
183.14,42.16
189.94,41.13
192.99,44.28
198.64,42.79
203.31,43.89
208.71,42.60
215.15,42.62
219.37,41.13
223.56,42.86
227.29,42.12
234.21,43.71
238.26,41.33
241.61,42.68
248.37,43.78
253.27,43.95
1.11,47.58
5.50,48.96
11.09,46.76
19.28,48.09
23.60,48.07
29.12,46.99
34.20,49.27
36.02,46.56
43.31,45.74
46.55,48.78
51.16,48.68
57.39,48.88
63.29,48.56
67.03,45.88
71.47,49.67
75.77,46.66
84.12,47.95
88.55,48.13
92.18,48.10
97.01,46.48
103.03,46.01
108.27,48.39
113.52,49.05
118.30,48.70
123.56,45.82
129.13,48.15
132.27,47.78
136.79,49.13
143.36,48.76
148.51,47.03
153.27,45.97
157.17,48.03
164.36,49.94
166.39,47.06
171.38,46.64
179.55,48.64
182.71,46.76
187.39,47.02
192.00,46.90
198.60,46.90
203.38,48.46
208.66,47.80
212.21,45.75
218.04,48.77
223.05,48.10
228.85,49.42
233.15,48.57
238.77,46.13
242.64,47.51
248.62,49.31
252.94,49.05
3.95,52.65
8.61,51.62
13.09,51.68
16.25,52.83
21.47,53.38
28.62,51.90
32.88,52.70
36.60,52.74
41.74,51.68
47.45,54.24
53.25,52.96
57.24,53.56
61.78,53.62
67.51,54.02
73.24,53.22
78.07,53.17
80.67,50.24
86.50,52.76
93.05,52.67
99.15,50.70
101.05,53.16
107.82,53.29
111.32,52.64
118.55,51.93
122.38,52.23
126.51,51.55
131.94,51.43
139.70,52.94
143.34,52.62
147.13,53.51
152.39,53.87
157.22,52.47
161.14,53.34
168.25,53.70
171.73,51.50
177.34,52.73
182.47,52.67
188.67,51.46
194.47,52.14
197.10,54.54
204.24,54.49
209.19,53.00
214.02,51.09
218.50,53.37
223.23,51.59
229.13,54.45
233.36,52.85
237.14,51.95
243.96,51.46
248.65,53.16
255.36,53.21
2.04,58.28
8.58,56.12
13.73,56.72
18.10,58.08
22.33,57.71
25.86,59.59
31.17,56.59
35.82,57.48
40.93,58.81
46.44,57.84
52.79,56.55
58.42,59.07
61.04,57.06
67.51,58.78
74.15,56.83
78.98,58.38
82.37,55.93
87.43,59.29
92.27,57.32
96.39,57.60
103.27,57.96
109.65,59.22
113.34,58.86
119.54,57.34
121.61,59.76
127.25,58.44
132.19,56.62
136.38,56.36
141.71,56.93
146.17,59.66
152.98,58.67
158.91,57.27
163.72,58.81
168.94,56.54
173.23,59.07
176.57,56.33
181.53,58.77
188.68,56.24
192.64,56.59
196.05,59.39
202.85,58.48
209.94,58.33
211.76,55.82
217.28,56.74
222.77,58.41
227.64,58.49
233.29,56.75
238.91,59.49
243.14,57.01
248.91,57.24
253.66,56.73
4.49,62.73
8.27,61.02
13.83,62.02
18.59,61.87
22.09,63.46
28.69,62.02
33.98,64.58
37.35,61.26
41.12,62.40
47.55,61.59
51.50,64.10
58.50,63.31
62.65,62.29
67.38,63.36
73.09,63.89
79.30,61.32
83.63,63.05
86.96,64.49
93.72,61.38
98.08,63.37
102.71,62.38
107.01,61.81
113.96,63.35
119.46,62.98
124.48,64.22
129.53,61.64
132.87,62.67
137.51,62.56
141.55,62.90
148.70,61.61
151.43,64.24
157.22,60.88
164.47,62.79
167.35,64.40
171.77,63.41
178.33,61.36
183.15,61.58
188.79,63.35
192.23,64.51
198.16,61.76
204.38,63.65
208.06,61.82
213.38,60.90
216.95,63.81
221.89,62.35
230.06,61.31
234.53,62.77
236.57,65.15
242.99,61.18
246.80,62.52
254.52,61.86
3.41,67.29
6.59,66.12
13.31,69.66
16.48,67.36
21.16,68.42
28.84,68.34
33.56,68.66
39.14,67.20
41.65,66.51
47.53,65.93
53.97,68.21
57.50,69.09
61.29,67.20
67.85,66.42
73.83,67.94
77.71,68.37
82.17,66.99
88.75,69.04
93.53,66.38
98.13,67.50
102.31,66.79
107.24,67.75
111.70,68.94
118.42,68.20
124.91,68.42
127.82,69.86
131.94,68.47
139.06,68.22
143.14,68.91
148.15,68.81
154.25,68.19
157.84,69.14
161.07,65.98
167.85,68.25
173.76,66.40
179.53,67.78
183.91,66.18
187.82,67.84
192.09,69.64
196.72,67.29
202.03,67.95
207.19,66.18
213.54,68.25
219.86,68.13
223.83,67.54
227.36,66.64
233.29,68.94
240.12,66.34
244.44,68.86
248.43,66.49
253.37,66.95
0.92,74.25
6.01,73.25
11.39,73.96
16.68,71.70
24.23,70.74
26.79,74.05
34.67,74.41
37.79,71.53
44.68,71.32
47.98,74.23
53.00,73.97
58.46,73.54
63.88,73.24
67.58,73.89
70.76,71.56
76.18,72.28
83.63,71.46
87.29,72.86
92.24,73.53
98.63,72.78
104.17,71.70
108.90,73.86
114.26,72.14
117.23,74.02
122.03,71.09
126.41,74.06
133.64,71.22
136.95,73.11
141.61,74.21
148.88,74.01
151.89,74.46
156.77,71.77
164.33,73.81
167.23,73.56
173.36,73.69
177.23,71.11
183.82,74.32
186.28,71.92
193.55,72.79
198.01,74.79
205.07,71.87
209.35,72.78
212.02,72.14
217.08,71.36
222.92,73.03
228.97,72.50
233.13,72.20
238.08,73.83
242.50,73.32
247.18,74.10
252.51,73.12
3.11,77.09
6.32,76.37
10.79,78.93
18.28,78.40
22.72,76.31
27.36,79.28
32.57,76.54
38.29,75.93
42.39,77.75
45.52,79.48
53.79,78.84
58.16,78.40
62.33,76.64
66.71,79.38
72.71,77.57
78.24,78.19
82.54,76.29
88.07,78.72
93.98,76.60
98.76,77.08
103.01,75.77
106.32,76.34
114.21,79.73
116.47,77.12
122.20,78.71
126.61,78.18
133.88,79.16
139.05,77.75
144.92,76.58
148.72,78.84
154.62,76.09
157.28,79.37
163.79,77.05
167.04,79.15
175.39,76.30
179.36,76.66
182.74,79.78
189.92,78.00
192.13,76.11
198.69,79.18
202.08,75.85
207.94,78.35
211.74,77.14
217.32,76.25
222.99,76.98
227.95,79.32
232.92,76.38
236.68,78.81
241.72,76.04
249.82,78.99
254.00,79.40
3.59,83.23
7.04,81.41
14.21,80.50
16.42,84.65
20.80,82.38
25.53,82.47
33.98,82.14
38.26,83.80
43.43,84.27
47.94,81.16
51.48,83.37
57.86,82.05
61.65,84.72
68.19,84.10
74.18,82.68
78.06,82.13
83.20,81.17
87.01,82.92
92.75,81.50
98.27,81.35
103.73,82.97
107.07,82.49
113.27,83.80
118.37,83.39
123.00,84.20
128.38,82.06
133.14,82.57
139.47,83.69
144.50,83.09
145.90,81.06
151.78,81.89
158.74,81.52
162.38,83.31
167.74,83.33
172.66,81.22
176.69,82.99
182.03,83.54
187.15,81.00
194.12,82.96
199.15,83.97
202.91,83.48
208.97,83.77
213.69,83.12
218.37,82.46
223.57,80.93
227.66,84.05
231.57,84.43
239.16,81.13
242.39,81.07
247.91,82.24
252.53,82.72
3.53,87.33
6.66,88.80
12.28,87.01
18.18,88.51
23.13,89.49
27.72,87.43
31.47,87.35
36.67,86.31
41.71,87.99
48.05,87.34
53.39,86.91
57.92,89.44
64.46,87.39
67.74,86.55
74.40,86.24
78.72,88.50
84.22,86.34
88.87,89.22
91.86,86.49
96.85,86.65
100.91,86.36
107.26,88.02
113.63,89.47
117.37,87.43
121.59,88.84
128.53,87.79
131.60,88.74
139.45,88.14
144.89,87.67
149.08,88.46
152.75,86.56
158.31,87.70
162.48,86.96
168.68,88.24
173.15,89.11
178.49,88.51
184.72,87.06
189.22,88.22
193.27,86.36
199.20,88.02
203.69,88.76
206.61,86.59
215.02,86.57
216.43,89.11
223.32,86.48
229.04,88.71
235.30,88.17
238.28,88.41
242.65,86.75
247.13,87.69
252.37,86.46
3.69,92.06
9.05,93.55
13.97,91.77
18.94,92.47
24.51,93.86
28.89,91.44
33.94,91.48
37.66,92.37
44.16,93.82
48.43,93.75
51.98,91.24
58.19,93.66
62.36,93.64
68.00,91.82
73.27,93.30
79.02,92.99
82.08,93.34
87.65,92.86
92.50,93.22
98.59,93.63
101.38,92.63
109.00,93.11
113.19,92.24
119.63,91.73
122.42,93.35
127.99,93.78
133.46,93.02
136.67,92.78
141.55,93.97
147.82,93.24
153.57,92.61
157.66,92.87
164.17,91.42
168.74,93.88
172.17,94.40
177.65,92.99
182.24,93.51
186.30,92.11
192.67,92.17
196.93,92.25
204.30,91.70
207.66,94.50
211.48,91.63
217.40,92.19
221.82,91.88
229.47,92.35
233.59,93.44
239.86,93.85
245.24,91.66
250.31,92.09
253.81,92.57
1.86,96.71
5.80,98.40
14.10,98.50
17.91,99.19
22.01,98.62
26.29,98.17
32.53,96.10
37.66,97.97
41.21,97.16
45.85,98.95
51.21,96.89
56.18,98.49
62.48,98.49
66.82,96.20
72.68,96.53
75.86,99.41
80.81,99.05
89.70,99.46
91.77,96.41
97.04,97.64
103.82,96.71
108.30,99.77
110.92,96.83
117.44,96.86
123.04,96.62
129.05,97.29
133.21,97.08
137.62,98.66
143.49,97.53
146.92,96.52
154.52,98.40
156.66,100.14
163.17,96.69
169.38,99.51
173.96,98.10
178.71,97.78
183.18,99.55
188.92,96.96
194.37,98.07
198.05,96.87
201.66,99.43
208.39,97.18
212.10,99.17
217.14,96.40
224.46,98.51
229.06,96.27
231.69,97.80
236.81,97.17
241.76,97.73
247.50,98.19
254.24,97.54
3.52,101.79
7.57,104.45
12.73,102.14
16.54,104.18
23.95,103.69
28.39,101.76
33.05,102.26
37.38,102.64
43.23,102.59
46.59,103.02
52.12,101.59
58.97,103.13
61.59,102.35
68.55,101.77
73.99,101.79
78.43,103.81
83.77,101.15
87.11,102.66
92.83,104.19
97.05,102.67
101.11,101.01
105.82,103.29
111.65,101.81
117.73,101.72
121.83,101.51
127.21,101.84
132.90,101.93
136.68,103.10
144.69,102.28
148.80,104.46
152.51,104.06
159.02,103.21
163.51,104.48
166.54,101.21
173.62,102.90
177.47,103.46
183.16,104.12
187.47,102.45
192.63,103.30
197.47,103.95
203.09,103.13
208.66,104.38
212.02,104.06
219.31,101.18
222.07,101.82
229.54,104.16
233.99,104.05
237.54,102.79
243.64,101.51
248.05,101.96
253.30,104.39
3.15,109.50
5.58,107.23
11.92,106.56
18.82,107.44
21.94,109.74
25.87,107.95
30.74,109.47
35.60,106.48
43.14,109.74
46.90,106.47
53.02,107.11
58.79,108.96
63.21,106.92
67.68,108.38
73.94,109.54
77.94,107.77
81.92,107.16
87.04,107.94
93.20,108.78
97.97,107.25
102.43,107.93
109.20,106.72
113.14,108.02
117.90,106.05
124.70,109.23
127.71,107.49
132.37,107.76
137.15,109.55
142.76,106.38
148.81,108.61
153.04,108.11
156.41,109.47
161.45,107.19
167.14,106.77
171.45,107.65
176.83,107.75
182.61,109.43
187.73,107.64
191.62,106.38
197.73,108.51
202.99,106.76
207.28,108.07
214.71,107.06
217.96,108.68
224.88,106.26
229.58,108.34
232.61,108.31
239.72,106.09
243.54,108.36
249.56,105.87
252.09,109.06
1.22,112.65
8.49,111.80
13.68,111.94
16.67,112.59
22.70,113.57
27.01,112.93
35.02,111.06
36.54,113.81
43.42,113.08
47.46,111.85
52.83,112.17
57.14,113.85
61.63,111.83
67.17,113.00
71.20,111.24
77.57,113.54
80.99,114.20
88.42,114.02
93.09,113.56
98.02,114.83
104.25,110.55
106.30,112.34
114.26,111.72
117.26,111.29
121.19,111.08
126.15,113.98
133.11,114.46
139.38,113.64
143.41,112.52
146.71,114.15
151.68,114.15
159.68,113.98
162.28,111.27
168.58,111.72
173.33,112.10
178.51,114.61
183.90,113.13
187.38,111.88
192.44,113.77
198.61,114.15
202.87,111.17
208.07,113.90
214.88,111.57
220.19,112.82
223.15,110.36
226.88,112.49
233.39,113.01
238.67,111.86
244.20,113.16
248.46,113.20
251.93,112.57
3.60,116.99
8.87,116.26
12.14,118.30
16.90,117.01
22.74,119.14
26.72,117.57
32.23,116.42
38.15,118.65
41.32,119.33
47.72,116.64
51.39,117.14
58.85,116.66
64.06,116.48
69.50,119.51
73.67,117.91
76.86,118.47
83.68,115.65
86.34,116.36
90.96,118.43
96.29,119.83
103.23,116.18
106.55,117.15
112.31,118.83
116.65,117.62
121.44,117.01
129.30,117.09
131.28,119.19
136.68,117.06
141.92,116.44
146.61,118.20
151.59,117.17
158.19,117.54
162.50,119.63
168.34,116.17
171.87,118.96
178.52,118.44
183.15,116.72
187.87,116.84
194.06,117.58
199.42,117.75
201.95,119.54
209.27,117.18
212.51,117.36
218.45,116.33
223.24,117.44
228.46,118.08
233.93,117.79
238.93,117.68
242.58,119.52
249.99,116.76
251.77,119.44
3.07,121.33
7.43,123.09
11.95,122.31
16.41,123.02
24.20,122.11
28.32,124.54
31.13,121.94
36.12,124.02
42.66,123.60
48.68,121.51
51.75,124.37
55.99,122.47
61.83,123.06
67.64,123.79
72.72,123.94
76.63,124.33
83.95,121.96
88.70,123.58
91.55,121.92
99.56,123.53
102.86,120.87
107.63,121.39
111.69,124.04
119.12,124.65
121.82,122.51
126.59,122.09
131.78,124.29
139.38,124.69
142.67,122.24
148.12,123.41
152.95,123.88
156.37,122.54
160.62,124.83
168.18,122.63
173.43,122.11
177.83,124.14
183.78,123.59
189.13,124.54
193.41,123.15
198.72,123.39
203.08,122.34
208.71,123.77
211.81,121.18
218.91,123.36
223.13,122.77
228.34,124.49
232.88,122.14
237.09,122.41
241.63,123.60
246.75,122.23
252.31,123.08
1.66,128.03
7.65,128.34
11.44,127.66
16.81,128.73
20.97,126.29
25.28,129.36
31.47,129.54
39.09,128.12
43.92,126.75
49.11,127.31
54.45,129.64
58.00,126.76
62.31,128.24
66.71,128.39
73.41,129.20
76.42,129.00
82.72,126.78
87.58,128.23
92.12,126.66
98.44,128.52
103.94,128.53
107.00,126.47
113.97,127.35
117.59,129.64
122.71,127.75
128.46,127.78
131.90,127.88
136.84,128.60
144.54,127.09
146.47,129.43
152.76,129.80
159.34,129.51
163.99,125.89
166.63,126.88
172.73,126.79
176.25,126.41
183.04,128.44
189.33,129.54
192.51,127.50
199.53,128.15
204.71,128.80
208.64,128.32
212.42,127.77
218.52,127.99
223.55,127.74
230.65,125.91
231.11,129.51
236.70,126.98
242.83,129.62
248.70,127.58
254.92,126.25
1.04,131.06
7.16,134.26
11.77,131.96
16.25,133.95
22.54,134.52
26.76,133.24
33.75,130.95
36.54,132.20
41.29,134.23
46.90,134.37
50.71,132.23
59.12,132.07
64.06,132.48
68.98,133.49
73.34,132.76
78.39,132.79
84.13,131.95
89.33,134.07
93.49,131.23
98.73,134.09
101.12,132.04
107.76,132.33
111.67,131.63
119.26,134.25
124.55,131.66
127.86,133.45
131.74,132.90
138.98,132.26
142.17,134.19
147.49,134.38
153.91,134.04
159.61,134.97
162.77,133.81
168.38,133.57
171.95,132.03
178.79,132.47
181.75,131.68
186.15,134.67
193.89,133.78
198.56,133.18
202.94,133.48
208.29,131.58
212.04,133.87
217.14,131.76
223.35,133.03
229.28,133.42
232.43,132.29
238.68,133.11
242.07,134.70
247.55,133.17
254.63,132.49
1.14,136.30
7.95,138.05
12.44,139.30
16.23,137.32
24.01,137.64
28.01,139.08
33.23,139.09
37.52,136.19
43.57,136.34
49.21,136.29
53.68,138.22
59.06,136.19
62.50,138.68
66.40,138.73
73.08,139.02
76.24,137.20
84.15,140.33
85.60,137.21
92.74,138.05
99.05,137.60
104.55,138.80
108.92,138.85
113.54,136.86
116.65,138.99
122.55,138.69
126.91,138.41
131.11,139.48
139.34,139.00
141.76,137.58
149.16,139.99
151.33,136.70
156.30,137.39
163.95,138.46
170.04,139.31
173.73,136.33
179.36,135.92
181.79,137.90
189.07,137.68
192.23,139.95
198.31,137.50
204.73,136.80
209.07,138.19
214.76,136.83
220.05,136.09
222.74,137.73
228.95,139.88
235.04,136.17
237.30,138.46
243.90,138.78
249.67,138.50
254.19,136.67
2.29,141.87
8.72,144.38
14.33,142.28
18.46,141.64
23.82,143.75
28.93,144.56
33.32,142.87
37.05,144.30
42.16,141.69
47.80,143.50
51.29,144.15
56.15,144.81
62.79,141.54
66.56,142.40
73.93,142.69
77.60,141.70
82.56,144.22
87.70,141.09
91.15,142.33
96.27,142.29
101.48,141.46
106.70,142.11
113.11,144.31
119.01,141.04
120.52,144.66
128.93,141.47
133.19,141.23
139.14,142.73
143.54,143.47
147.82,144.56
152.84,144.26
159.47,144.13
163.21,141.63
168.81,143.60
174.71,143.09
178.21,141.95
183.36,142.17
188.81,141.96
194.76,142.41
197.94,142.63
201.78,143.36
208.51,143.53
213.85,141.11
218.12,143.79
221.57,144.29
227.79,143.54
233.18,141.80
238.80,143.15
245.09,143.85
248.32,142.09
252.35,142.02
1.02,148.08
5.39,146.32
14.19,147.59
16.39,149.73
21.06,148.03
26.96,149.77
33.77,146.43
39.51,146.13
41.71,150.02
47.49,148.64
51.06,147.62
59.74,149.84
61.14,147.42
67.03,146.68
71.08,146.17
76.57,147.03
84.25,148.56
88.47,149.19
91.85,147.11
98.21,147.05
101.91,146.77
109.07,148.97
113.79,148.05
119.29,149.55
123.65,148.77
127.28,147.32
134.22,148.31
137.25,148.12
141.90,147.99
147.60,148.32
152.35,149.13
159.03,147.15
164.63,150.47
165.67,146.70
172.95,146.41
179.79,147.39
184.19,148.22
189.20,147.15
194.52,147.20
199.86,147.57
204.80,146.14
209.56,149.35
213.59,145.90
216.92,148.60
223.66,148.71
226.59,146.22
232.83,146.76
239.95,147.46
245.00,149.49
247.30,147.30
252.04,147.04
2.88,152.37
8.84,151.82
13.30,152.55
17.23,153.29
22.65,151.41
27.59,154.87
32.49,152.38
36.29,153.78
44.12,154.32
47.73,151.98
52.39,151.92
57.41,152.03
64.32,151.67
67.99,154.92
72.71,151.88
77.86,153.44
82.30,154.31
87.67,153.75
93.17,153.04
98.28,151.24
102.60,151.75
109.81,152.72
113.68,153.72
117.09,154.52
124.23,153.42
129.73,153.14
132.89,151.92
139.58,154.81
143.23,154.15
146.63,152.75
153.51,152.74
158.26,154.40
164.88,154.45
169.92,150.96
173.39,153.66
177.22,153.85
181.64,154.68
187.90,152.66
193.21,151.50
196.02,154.92
203.91,152.32
207.78,152.36
213.75,151.41
216.59,154.78
222.13,153.46
227.47,151.85
232.06,153.70
238.71,153.27
241.91,153.44
247.11,153.25
254.87,154.40
4.19,158.71
7.45,156.50
11.75,158.18
15.92,159.80
20.50,157.80
26.09,158.84
31.20,156.21
37.50,159.01
41.01,157.30
46.15,156.97
53.77,156.70
56.74,157.34
63.23,158.46
68.47,159.20
71.73,157.43
78.40,157.05
81.86,159.15
88.88,157.70
94.75,157.49
98.81,157.27
103.23,156.30
106.70,157.67
112.00,159.33
119.46,159.51
123.88,157.58
128.66,157.77
131.95,157.87
137.72,158.61
143.52,159.37
149.51,158.79
153.98,158.57
157.99,159.24
164.82,159.51
169.77,158.55
172.94,157.00
178.39,158.70
184.24,158.65
188.86,156.65
191.33,159.46
197.98,158.68
201.24,159.36
206.98,157.34
212.89,157.78
219.16,158.48
224.65,158.47
230.08,158.97
231.83,156.39
239.81,160.00
242.18,157.95
248.25,156.64
254.98,158.50
2.47,163.04
7.58,163.24
11.58,163.16
16.45,164.22
23.72,164.69
27.35,163.10
33.02,162.19
37.37,163.22
42.78,164.03
46.99,161.67
51.54,162.41
57.29,162.31
62.13,162.62
68.94,162.71
74.31,162.06
78.12,163.46
83.45,164.12
89.49,164.05
91.52,161.79
98.03,162.59
102.36,161.78
107.43,161.87
112.65,164.41
119.12,163.98
123.52,164.96
127.10,161.50
133.03,164.06
139.38,162.27
145.21,161.68
146.49,164.36
153.85,163.32
160.10,164.44
162.03,161.38
169.69,162.58
174.79,164.39
176.97,161.69
184.80,164.71
188.09,163.79
194.10,163.30
199.71,163.12
203.40,162.65
210.00,161.27
213.38,163.72
216.89,162.86
222.62,162.57
228.30,161.70
232.26,165.11
237.82,162.21
244.88,163.36
249.93,164.50
252.84,164.07
2.15,167.91
5.87,168.61
12.25,166.97
18.09,169.70
20.66,166.54
27.01,167.60
32.34,168.34
36.09,166.76
43.44,169.36
47.54,166.94
52.66,166.60
58.94,167.93
62.44,168.69
68.32,167.78
73.56,167.18
78.39,169.05
82.98,168.82
87.50,167.89
91.19,169.16
99.16,169.48
102.86,168.05
107.65,166.44
112.91,168.76
118.47,168.22
122.88,169.65
127.36,166.54
134.02,169.46
137.11,166.27
142.85,166.90
146.91,168.07
152.80,166.92
158.60,167.54
162.89,167.87
166.92,168.39
171.73,168.36
177.93,166.59
182.42,166.75
187.05,169.76
193.92,169.14
199.74,167.50
204.54,169.16
208.38,166.00
212.19,168.23
219.40,167.82
221.89,165.98
227.44,167.20
234.74,169.47
239.42,168.84
242.00,166.91
247.23,166.93
255.30,166.05
0.41,172.17
9.04,174.34
13.59,172.41
16.36,173.99
23.62,174.65
27.53,173.59
32.91,172.78
36.46,171.41
40.93,173.49
47.60,173.16
51.26,172.86
55.70,171.34
62.98,172.32
67.76,172.17
72.77,172.72
76.47,172.66
82.30,174.00
89.24,172.17
92.85,174.25
96.99,172.65
105.09,175.14
106.74,171.46
114.06,175.28
116.58,172.09
121.49,172.16
128.06,173.01
133.38,172.08
137.88,172.18
143.94,175.06
148.03,173.52
152.66,171.84
158.94,171.87
164.46,172.50
169.79,173.25
173.10,173.42
177.31,171.74
182.58,172.28
189.78,172.84
191.65,174.99
197.74,173.75
202.83,172.31
208.20,174.52
214.94,173.50
218.13,174.57
225.05,171.07
228.45,174.76
231.75,172.65
237.06,173.33
243.68,173.76
246.83,171.40
251.54,173.50
4.12,176.33
8.90,177.62
12.62,178.67
19.12,178.49
24.44,177.87
29.15,178.70
32.87,176.72
36.81,177.16
42.88,177.93
46.40,177.33
50.93,179.71
56.31,176.31
63.95,177.32
66.71,176.06
72.60,178.47
77.50,177.82
81.40,179.34
87.74,179.03
93.57,178.71
98.65,176.72
101.72,176.09
108.71,179.02
111.16,176.49
117.75,177.21
122.01,176.73
129.11,178.37
133.76,176.20
136.71,178.59
141.30,178.67
149.33,177.93
153.19,178.24
158.95,179.15
162.97,177.11
168.40,179.41
172.86,177.95
176.98,180.03
184.21,176.92
188.93,179.08
192.19,179.89
196.43,179.47
203.78,176.96
208.88,178.85
213.30,176.75
219.38,176.85
223.93,177.24
226.84,179.62
234.57,178.75
238.81,177.04
243.13,177.78
248.27,177.80
255.46,178.01
2.10,184.15
8.04,182.32
11.15,184.98
17.75,183.95
20.92,182.22
25.80,183.93
32.88,184.23
37.25,183.53
44.24,183.10
47.98,182.82
54.93,183.04
59.57,181.22
61.56,184.17
67.87,182.85
71.25,184.72
77.44,184.07
80.87,182.14
89.52,183.86
94.01,182.62
99.58,181.31
101.75,184.28
107.36,182.82
114.17,182.72
118.26,181.93
122.65,182.27
127.82,184.14
134.54,182.04
139.25,185.24
143.77,183.01
146.24,184.31
151.54,181.90
159.60,182.61
163.64,183.73
166.69,185.04
171.89,182.21
177.14,184.12
182.70,181.62
188.02,183.53
192.38,183.63
199.42,182.77
203.96,181.41
208.53,183.05
212.71,182.24
217.43,183.23
222.33,181.45
226.53,183.18
231.85,181.58
237.90,183.51
241.86,184.38
247.76,181.69
255.05,181.91
1.27,186.90
7.05,188.62
12.45,188.97
19.00,189.40
22.66,188.30
28.61,189.04
31.86,187.73
38.18,189.59
41.85,186.68
49.06,186.59
52.58,186.75
56.70,187.49
61.92,188.01
69.07,188.95
74.29,188.62
78.72,188.71
82.86,186.22
87.04,187.69
93.49,189.62
96.64,186.28
100.94,189.53
108.40,187.80
113.84,187.31
118.89,187.25
123.05,189.51
129.09,187.28
133.77,187.09
139.48,190.09
143.81,188.47
148.47,187.19
153.33,187.31
156.87,187.36
161.24,188.40
167.45,189.40
172.77,188.13
176.72,188.85
184.41,186.91
189.54,187.46
192.73,189.60
199.57,186.71
201.31,189.67
206.13,187.36
214.08,188.54
219.53,188.26
224.18,187.01
227.56,188.17
233.79,188.06
237.22,189.49
242.18,187.40
247.31,186.96
253.72,188.67
1.07,191.48
7.80,194.81
13.12,194.46
15.75,191.18
20.90,193.24
27.43,193.72
32.35,194.76
38.96,194.75
43.07,191.32
45.75,194.07
53.25,194.46
56.69,192.19
61.26,191.57
67.79,193.21
73.78,194.80
78.31,193.08
84.21,193.24
87.75,193.21
91.84,192.84
97.49,194.27
103.62,193.83
106.63,193.88
111.78,193.11
117.19,192.07
123.50,192.40
128.40,192.85
132.15,192.92
139.90,193.42
144.79,193.86
149.37,192.89
152.17,191.54
159.23,194.38
164.11,192.02
167.40,193.00
173.76,193.70
179.93,191.51
183.20,193.60
189.28,193.12
193.65,194.82
199.52,193.99
205.35,193.05
208.77,191.70
212.14,192.58
216.74,192.54
222.79,193.00
229.93,192.44
234.91,193.00
239.78,194.06
242.89,194.35
247.00,192.60
252.73,192.65
0.97,198.53
7.01,198.05
12.38,197.96
16.93,197.90
21.97,197.54
27.21,197.87
32.94,199.48
37.05,198.32
44.30,198.27
48.50,197.49
54.34,198.88
56.82,200.30
63.24,199.09
66.13,196.47
73.76,198.84
78.05,197.58
81.24,200.25
88.94,197.11
91.59,199.99
99.80,197.81
104.67,197.25
109.71,196.91
113.79,196.52
117.82,200.26
122.09,198.51
127.53,198.67
132.49,196.58
136.12,198.03
142.41,198.92
148.81,197.38
153.89,197.78
156.73,197.87
164.55,197.28
166.93,199.68
173.60,197.18
177.53,198.58
184.48,198.35
188.06,199.05
194.65,198.67
199.49,199.24
202.50,197.01
209.01,197.27
213.68,199.45
219.67,198.26
222.58,198.60
226.86,196.79
232.94,199.27
239.12,198.68
245.67,199.92
249.65,197.40
254.82,196.23
3.29,204.68
8.04,203.93
13.80,203.90
19.32,204.20
23.36,204.02
25.61,205.31
34.48,204.68
38.61,202.82
41.67,204.25
46.64,202.49
51.52,201.27
57.52,203.80
63.56,203.28
68.67,203.42
73.11,202.95
76.91,201.66
83.53,204.64
86.81,201.15
93.82,205.03
96.39,202.94
102.60,203.47
105.95,204.97
113.20,201.46
120.05,203.57
123.89,201.20
126.41,204.69
131.55,202.75
136.47,202.35
144.60,205.34
147.05,202.33
152.71,202.18
158.70,203.77
163.91,204.65
167.42,203.42
172.66,203.36
179.44,202.44
182.87,202.47
189.36,204.44
194.65,201.73
199.21,203.22
202.29,203.96
207.67,204.57
214.09,204.55
217.57,202.13
223.24,204.50
230.02,204.75
232.89,203.96
239.55,202.27
242.74,204.45
250.09,202.74
254.03,204.91
1.44,208.64
7.52,207.24
12.94,207.36
18.69,209.52
22.19,209.38
27.96,206.17
32.31,207.94
37.61,208.63
44.06,207.92
48.66,206.72
51.80,208.50
58.23,207.41
61.57,207.31
68.55,208.05
73.60,206.87
77.60,209.55
81.49,208.59
87.13,209.85
94.57,208.24
96.25,210.05
101.25,208.54
109.26,207.51
112.39,206.23
116.65,207.32
124.49,208.87
129.83,210.13
133.62,207.42
136.31,209.60
141.43,208.94
148.78,208.53
152.19,208.53
156.86,208.98
163.58,208.44
169.03,208.57
171.63,207.33
178.50,208.10
183.61,209.74
186.62,208.15
193.81,207.48
197.51,208.82
201.60,209.19
207.10,208.07
213.92,207.85
218.36,209.37
225.17,210.13
226.37,207.17
235.19,209.81
239.38,207.36
242.74,207.86
248.82,206.43
251.87,207.15
3.25,214.80
6.06,213.17
12.15,211.31
15.61,213.87
22.75,214.80
28.30,213.56
33.21,212.47
38.86,214.64
43.85,212.74
46.75,213.81
52.38,214.05
56.24,214.33
62.75,211.42
67.68,214.24
74.21,211.63
76.57,214.36
83.48,211.51
86.57,214.79
91.82,212.42
98.67,214.52
101.75,213.26
106.95,211.84
112.17,213.74
116.51,212.89
121.30,211.63
128.59,214.64
134.80,214.74
136.78,212.25
142.69,214.76
147.81,212.79
152.47,213.46
157.44,214.26
163.27,212.96
169.72,212.67
173.87,211.99
178.59,215.10
181.47,213.97
187.60,213.88
193.23,213.49
197.93,213.10
204.73,214.36
209.47,213.02
213.53,211.49
216.77,215.16
223.60,214.48
227.45,214.85
231.79,211.23
236.69,212.25
241.85,213.36
247.08,213.71
251.72,212.59
4.00,218.76
8.81,219.64
11.49,216.98
16.79,218.78
21.44,218.14
26.13,218.90
31.54,217.71
36.25,219.25
41.16,218.46
47.22,220.11
51.86,217.32
57.84,217.39
63.41,216.83
67.08,217.22
72.78,218.19
77.53,218.29
83.64,217.16
87.52,219.99
91.50,216.81
99.63,220.06
101.52,216.69
107.62,217.13
113.78,216.88
116.69,218.80
122.86,217.00
127.13,219.11
134.08,218.13
138.52,219.65
144.29,218.78
148.07,218.09
153.66,218.61
160.04,217.34
162.14,220.17
168.83,218.26
173.97,218.74
179.46,219.96
184.18,217.73
187.90,217.40
193.69,219.51
196.64,217.92
204.40,219.97
206.95,217.06
211.98,218.67
219.57,216.41
222.79,217.40
228.64,217.59
234.44,219.92
238.65,217.41
241.94,219.36
248.94,216.74
254.71,218.09
2.29,224.28
6.05,222.05
13.84,223.15
16.92,223.47
22.85,221.94
25.82,224.54
32.47,224.03
37.11,224.16
42.30,222.59
49.23,223.55
51.96,225.40
57.39,223.95
61.48,221.97
68.79,223.12
73.60,223.39
77.47,224.09
81.43,222.77
88.82,222.56
92.92,224.03
99.64,225.26
103.76,221.46
109.20,223.97
113.30,224.50
117.84,221.95
124.39,221.68
127.28,224.77
132.82,223.34
137.10,224.25
141.28,222.68
149.74,222.69
154.46,223.57
158.27,222.15
161.94,225.16
168.21,224.65
172.45,221.81
177.78,221.96
184.07,224.00
187.13,222.22
194.87,222.39
198.30,224.81
201.79,223.66
209.27,222.87
215.24,222.51
219.16,223.47
222.00,224.31
226.64,224.58
231.42,223.98
236.55,223.46
245.22,224.21
247.46,221.61
253.92,223.84
2.61,228.63
7.61,228.30
11.11,229.29
16.64,229.11
22.42,228.93
28.29,226.64
32.21,227.71
37.81,227.72
43.38,229.06
48.52,227.64
54.10,230.05
58.89,227.75
61.63,229.72
65.51,226.15
72.80,228.53
77.98,229.62
81.78,229.65
88.95,227.20
94.25,227.51
97.30,226.42
102.81,228.96
108.19,227.13
110.96,228.39
118.06,226.85
121.51,226.73
128.53,228.20
133.11,229.69
140.09,227.91
144.42,226.45
149.41,226.58
151.25,229.65
156.54,229.52
162.56,229.30
166.61,227.81
171.90,226.67
179.52,227.28
182.54,228.55
189.31,229.58
193.52,228.65
197.62,227.30
204.32,226.83
208.69,228.23
212.54,226.86
217.77,228.75
224.97,229.49
228.78,229.81
233.01,229.05
237.90,226.28
242.46,227.03
248.78,230.10
252.55,227.19
1.24,234.40
6.99,235.06
12.75,233.12
17.57,234.29
23.66,232.55
27.48,234.93
32.16,232.93
37.69,234.28
44.70,234.96
45.86,231.85
50.99,232.65
57.71,234.05
63.72,232.52
68.12,234.36
71.26,232.33
79.32,234.75
83.31,231.85
89.01,231.63
91.34,233.63
99.37,232.49
102.25,234.82
109.49,234.60
113.45,232.39
118.52,232.55
122.81,234.90
126.68,232.33
131.39,233.75
138.65,233.83
142.40,232.29
148.73,235.09
152.77,233.73
158.16,234.44
162.07,233.30
167.77,233.94
172.29,232.26
177.26,233.69
181.86,234.93
187.67,233.81
192.46,234.20
197.17,232.07
203.46,233.54
207.32,234.72
214.17,234.24
219.20,231.99
223.87,234.28
229.41,235.27
234.59,233.55
236.88,231.69
243.57,231.46
246.61,234.63
251.97,233.98
2.49,239.57
8.38,239.54
13.94,239.75
18.75,238.41
24.36,238.90
28.52,237.71
32.63,239.30
38.34,237.74
44.36,238.62
47.66,238.78
52.10,238.89
56.37,239.85
63.26,238.74
68.21,238.38
74.63,236.37
78.47,238.10
84.42,237.21
87.84,238.91
94.28,238.50
99.23,237.13
101.34,239.12
107.76,238.15
111.30,239.45
117.14,237.43
122.05,239.03
126.53,239.16
133.95,240.15
136.50,237.32
143.57,239.72
148.90,239.66
154.02,237.10
158.49,238.25
163.71,238.10
167.72,239.83
174.15,237.82
177.88,238.04
181.10,239.98
189.48,238.15
192.15,240.16
197.35,237.53
202.65,238.22
207.29,239.76
214.31,237.90
217.76,237.18
223.65,236.85
226.39,239.30
235.46,239.75
239.54,236.74
243.51,239.37
248.12,237.52
254.37,238.05
4.51,243.59
6.77,245.38
13.37,243.82
17.24,244.11
21.18,242.74
26.31,244.39
32.83,242.75
37.28,242.23
41.30,244.51
46.05,243.28
51.59,245.20
58.97,242.68
62.68,243.23
68.34,243.54
72.79,242.54
76.31,245.05
81.75,241.73
88.21,242.98
91.30,244.62
97.73,243.41
103.00,244.43
107.30,244.50
111.58,244.51
116.78,243.10
124.75,244.01
129.25,242.97
131.83,243.79
137.10,242.80
142.29,242.97
148.71,242.26
152.38,242.66
160.06,241.84
161.55,244.98
167.73,244.04
171.80,243.47
177.54,244.14
183.44,241.62
189.07,242.91
193.40,244.47
199.67,244.44
203.13,243.04
206.37,243.75
213.56,243.93
217.96,242.38
224.33,242.80
229.46,242.01
232.20,243.88
238.43,244.41
242.44,244.98
249.58,242.01
254.05,245.29
2.83,246.72
5.72,250.29
13.87,247.26
19.19,247.44
22.50,247.13
28.58,249.64
33.12,248.78
36.89,246.56
40.66,248.85
46.03,249.75
52.24,250.17
58.69,248.00
63.49,247.67
68.64,248.23
71.50,249.91
77.11,248.84
82.82,246.22
89.53,250.03
91.64,248.20
97.20,248.08
102.36,248.69
109.17,249.30
114.76,246.79
118.56,250.25
123.46,247.23
128.89,248.30
133.63,248.15
139.05,249.43
143.20,246.47
148.02,249.51
153.85,247.04
157.82,248.76
163.26,248.47
169.57,249.15
173.65,249.43
176.92,247.64
184.31,246.58
188.00,248.84
194.96,248.61
199.46,247.69
202.93,250.45
208.66,246.91
212.67,247.50
216.71,246.97
221.91,248.54
227.21,248.91
231.94,248.55
236.39,246.72
243.54,248.34
248.27,246.31
251.48,247.71
1.94,254.16
9.02,251.55
12.80,254.76
16.82,254.53
23.62,254.22
26.41,254.55
31.50,255.27
39.31,253.08
42.61,255.28
46.85,252.40
54.32,255.14
57.22,252.49
63.81,253.06
66.34,254.58
74.51,252.46
78.29,253.43
82.83,252.10
87.17,253.01
94.77,254.39
99.21,252.69
102.95,254.66
106.69,254.87
111.25,254.56
115.74,254.00
121.74,251.88
126.62,253.08
133.19,253.55
139.43,253.06
142.68,251.97
147.19,253.86
151.89,252.91
159.81,251.76
162.09,254.71
166.35,252.70
174.46,254.37
179.02,253.83
183.58,252.15
186.55,252.42
191.90,254.10
198.24,253.50
202.35,253.83
208.74,253.37
213.22,253.66
219.03,252.18
223.84,254.52
229.42,255.17
234.65,253.72
237.04,252.03
245.11,254.24
248.07,253.03
253.93,252.40
256.43,13.91
256.41,172.17
